,ax,ay,az,gx,gy,gz,temp,time,CF_x,CF_y
0,1924,-816,-15716,355,590,-696,2128,20209,-123.41399978428778,82.13429759605327
1,2216,-748,-15940,388,304,-468,2112,20229,-124.43393409515193,80.3789752627503
2,2124,-744,-15696,385,252,-511,2192,20250,-125.43049573275727,78.65702524278754
3,2164,-492,-15644,393,195,-650,2192,20271,-126.42411892591822,76.95708354600987
4,2104,-780,-16128,313,25,-281,2176,20292,-127.39108760990896,75.2733885033596
5,2164,-568,-15884,309,-16,-76,2240,20313,-128.35376255899507,73.6103433826576
6,2228,-508,-15760,277,-64,-32,2176,20334,-129.30624673066373,71.96723233927018
7,2152,-344,-15948,336,65,-57,2192,20355,-130.2426227677822,70.38443466027273
8,2364,-412,-15564,327,145,194,2176,20376,-131.1560720184547,68.82685323547943
9,2200,-760,-15688,339,81,-1,2176,20397,-132.0242237999094,67.30356998579926
10,2184,-712,-15784,334,142,-69,2192,20418,-132.87961212353835,65.82240714982342
11,2392,-528,-15764,321,314,-58,2144,20439,-133.73322402992864,64.38282068204487
12,2264,-552,-15644,327,146,-104,2128,20460,-134.56677112838852,62.95350827694538
13,2180,-548,-15740,331,77,-68,2144,20481,-135.38355604892203,61.548922301677464
14,2068,-188,-15836,301,187,337,2240,20502,-136.21499474810065,60.19853038710497
15,2512,-468,-15772,318,87,102,2208,20523,-137.00674470251096,58.82731637080795
16,2044,-432,-15788,323,-84,87,2176,20544,-137.7845193997842,57.490092504712635
17,2256,-440,-15968,297,40,49,2192,20565,-138.55060269614958,56.18580143853571
18,2036,-376,-16120,329,275,100,2176,20586,-139.30118128685933,54.96135649522166
19,3300,-1604,-15668,240,-204,606,2144,20607,-139.9605488488881,53.593406610874666
20,2076,-460,-15944,315,-91,136,2176,20628,-140.67879999485308,52.35893341619471
21,1868,-336,-15960,261,-171,587,2256,20649,-141.40010011860826,51.151406596203046
22,2636,-760,-15660,236,-333,732,2176,20670,-142.07945353438893,49.885187865022175
23,2256,-600,-15836,265,-241,472,2144,20691,-142.75283706605617,48.68758163623736
24,2024,-424,-15696,272,-278,606,2176,20712,-143.42410195213873,47.523254492204096
25,1852,-284,-15764,161,-323,790,2144,20733,-144.10968466084435,46.38805673643539
26,-4004,3116,-19144,137,1748,2610,2176,20754,-137.7908635049848,45.968185255821034
27,5548,-2992,-16232,215,391,351,2176,20775,-138.3923910236925,44.7386650950336
28,1560,-100,-16212,94,460,1215,2176,20796,-139.20270764738066,43.80623221939187
29,2224,-352,-16056,-11,663,1304,2176,20817,-139.995263394471,42.87657866470443
30,2360,208,-15892,-610,-112,1720,2176,20838,-133.7061859447221,41.832529661606046
31,2232,-320,-16036,-956,-237,1804,2144,20859,-134.75938526920544,40.800199498695946
32,1816,-1188,-16900,-1126,-470,1540,2128,20880,-135.7606704772848,39.78799413613918
33,1708,-236,-15616,-1696,-1270,1405,2256,20901,-136.89458080715812,38.66789407714852
34,1056,-668,-15272,-1715,-2065,409,2176,20922,-137.97602375807696,37.49109186861132
35,332,-456,-14864,-2074,-2644,40,2208,20943,-139.10718355334566,36.30032094150158
36,-3028,504,-14692,-391,-736,-172,2176,20964,-132.82576020251244,35.69146664566547
37,2240,184,-12772,-28,-1898,-232,2192,20985,-126.59015128440018,34.480531740914344
38,668,-828,-15424,215,-825,236,2176,21006,-127.5631152163441,33.611787847163626
39,1108,-1024,-16784,-8,-608,134,2192,21027,-128.54328339048607,32.76863724365815
40,1280,-1124,-14876,425,180,-452,2192,21048,-129.4192317246654,32.04346293093027
41,1576,44,-16300,170,-271,-146,2208,21069,-123.20723348150788,31.249568233951283
42,1896,944,-15416,-31,-162,207,2208,21090,-117.21804161175987,30.45915546753539
43,2344,1008,-14052,191,-875,406,2176,21111,-111.32573487167794,29.523582075724573
44,1128,276,-17148,317,-440,505,2192,21132,-105.46786183172534,28.788726298284658
45,440,516,-20068,1050,-870,442,2144,21153,-99.6230083489734,28.051163039702555
46,-912,1056,-15028,1248,-1554,50,2128,21174,-93.9148783438307,27.315293808978293
47,528,324,-13384,1040,-1414,-12,2192,21195,-88.30093248945136,26.50167978902726
48,4072,-960,-11916,519,-398,-506,2176,21216,-89.96125881272539,25.532921469292514
49,364,-4,-16828,646,122,-960,2208,21237,-91.66027514653227,25.01664615249023
50,1312,784,-16148,620,1380,-1932,2192,21258,-86.18525970229652,24.640319190574367
51,-216,956,-15964,175,-378,472,2112,21279,-80.90260314448723,24.103605373594437
52,316,-16,-17268,188,-789,1632,2176,21300,-82.85395465511836,23.476614354437924
53,1512,-1504,-15384,146,-1261,824,2128,21321,-84.66226476812902,22.697244702610938
54,580,-964,-17328,-30,-823,-168,2176,21342,-86.51004794466557,22.0757247026481
55,576,-236,-17140,-625,-933,-2215,2128,21363,-88.46225693801372,21.449145571303596
56,772,396,-15244,-1493,-2882,-2874,2128,21384,-83.35732221251948,20.5094392556124
57,264,344,-15704,-580,-2269,-1327,2208,21405,-78.20639087589322,19.72353474475816
58,-944,1024,-18224,-1537,-1240,-1581,2192,21426,-73.34804553353167,19.193472983608633
59,-2184,1024,-18564,-5203,-392,-4508,2208,21447,-69.16161726567145,18.88201551802958
60,256,1084,-17784,-4594,-2380,-5164,2176,21468,-64.96986025927164,18.11401530424565
61,776,768,-17924,-4343,-2018,-5756,2128,21489,-60.80181473264202,17.38517392986954
62,-1928,1856,-16732,-2347,-212,-5455,2144,21510,-56.48108370640097,17.134833094766424
63,-3476,5076,-18916,-704,-2654,-3699,2144,21531,-52.16248223987608,16.57647708978797
64,-3048,1844,-17192,-1369,-3759,450,2176,21552,-47.85674331479067,15.854360026899041
65,-404,852,-18676,-1081,-4346,151,2208,21573,-43.521673225836466,14.879278429083401
66,-956,360,-20592,1177,-1927,1395,2176,21594,-38.88636540850612,14.332116392462018
67,872,1872,-21196,58,-4478,1277,2176,21615,-34.600470033251014,13.29504995516921
68,2976,1700,-16716,-4918,-9769,1321,2144,21636,-31.19721381651818,11.293565930853475
69,6360,1504,-13768,-5809,-13670,2382,2128,21657,-28.010543078414337,8.426847822736745
70,9504,1932,-17628,-74,-7643,4290,2192,21678,-23.987048774236886,6.493834769037302
71,8276,2984,-20544,3827,-1728,4727,2192,21699,-19.47137646042858,5.657787432830463
72,8712,3360,-26272,6132,3055,5383,2144,21720,-14.664379490107383,5.660419534707744
73,7260,3480,-29712,5143,4236,5562,2144,21741,-10.096736473589294,5.939859477934157
74,7492,1668,-28208,1354,3093,5004,2144,21762,-6.149771030899596,6.0099808449226515
75,8384,328,-27664,2262,6743,3590,2208,21783,-2.085003122486156,6.611918971364102
76,7864,800,-30500,3948,15642,2381,2176,21804,2.1468748139090916,8.647961675650604
77,1752,888,-29860,4137,20128,974,2176,21825,6.319788767707998,11.56996724806751
78,-1032,1168,-25052,4682,16393,-198,2240,21846,10.475544228554732,13.961023088324362
79,744,1692,-23440,3268,11890,-14,2240,21867,14.296859754565252,15.513446988766304
80,-628,2072,-23988,2884,11479,269,2208,21888,17.96526161969015,17.036401912165932
81,-1316,3552,-24476,1022,16021,242,2176,21909,21.201367420455327,19.27347697278304
82,-4956,3268,-19820,-3042,18782,2263,2144,21930,23.71218594740228,22.115829072367763
83,-5564,-2212,-11684,-4587,17026,1235,2176,21951,19.131733796419727,24.84977777260138
84,-1576,-3396,-3304,-2959,11792,-1952,2112,21972,15.599976450784563,26.573265175252477
85,-2504,-3444,4760,103,9067,-4414,2176,21993,14.586421254644424,27.927886462270497
86,-7968,92,5088,5127,15770,-3809,2128,22014,15.120858529936495,30.995489974196474
87,-14048,-1060,1464,3509,14275,-3420,2192,22035,14.651578946471652,34.27154059185354
88,-10008,-1876,4076,-878,7428,-3763,2128,22056,13.726324337032747,36.070069787877934
89,-1500,-2408,7868,-493,680,-3589,2192,22077,13.034013509462888,35.66212618123777
90,564,-2444,10256,-2108,-4134,-3457,2192,22098,12.174096559213572,34.23819384481599
91,316,-3124,10724,963,-6796,-1460,2176,22119,11.75707463320047,32.45337348180416
92,240,-832,9016,227,-11015,-400,2208,22140,11.45214776952281,30.043490566041044
93,860,-740,6564,-2206,-19465,-967,2144,22161,10.74790095989665,26.236328452247548
94,152,516,4144,-3522,-24315,-1871,2208,22182,10.121595184286727,21.850042797078828
95,-2240,1668,4572,-3398,-26815,-2190,2256,22203,9.78620919373188,17.69472475492718
96,-3036,1732,2796,-259,-30364,-1238,2080,22224,10.185324470093711,13.424858975868439
97,-4116,2132,-9664,1217,-28042,-822,2176,22245,13.52398990588271,9.202642991839248
98,-4356,2608,-20060,1119,-22726,-3989,2192,22266,16.881154676001405,5.691398812832605
99,-6608,4604,-27564,-201,-15945,-4455,2128,22287,19.92230372242544,3.3386964927790856
100,-10636,3388,-32768,-1917,-16239,-2121,2240,22308,22.704637631310526,1.0786558616515305
101,-8848,6356,-32768,-4434,-19949,-1120,2176,22329,24.93442026149299,-1.779960932680142
102,-3548,5880,-32768,-4683,-18245,-701,2112,22350,27.09657456153858,-4.488971579177707
103,232,1488,-29140,1485,-7540,-1789,2176,22371,30.329471378080463,-5.592831609824433
104,-1148,-92,-31052,4325,-1049,-1116,2192,22392,26.80573122582563,-5.6034267697537254
105,-2956,1736,-32736,6931,-3592,-1824,2192,22413,30.897760027968317,-5.952608525708214
106,-4976,1788,-30460,1002,-6805,-1708,2208,22434,33.97003019141858,-6.717370274488517
107,-4872,-388,-20984,686,-9629,-1942,2192,22455,29.81958554791003,-7.834351192975631
108,-4344,-2564,-15652,461,-10872,-2534,2192,22476,25.881679806555322,-9.079309261088932
109,-4128,-2712,-16348,2142,-4361,-1958,2128,22497,22.28893523565715,-9.3030750238535
110,-4680,-2892,-19556,942,619,-1859,2176,22518,18.559386071819954,-8.753391340063862
111,-7536,-5524,-18660,645,1219,-2571,2192,22539,15.019338568238407,-7.963445228533785
112,-8536,-7316,-18408,262,-18,-4011,2176,22560,11.593604779254118,-7.340755542206133
113,-8000,-7828,-18988,-1095,-736,-6660,2144,22581,8.03779728829798,-6.883931088723879
114,-6872,-8008,-18856,-1040,-17,-9943,2112,22602,4.57386939216517,-6.378044287892489
115,-7100,-6632,-18356,-358,2548,-12877,2192,22623,1.223444975760665,-5.450387787945869
116,-7976,-5940,-15872,527,3635,-14800,2128,22644,-1.9078714655723092,-4.266252173724319
117,-10100,-3588,-16004,-183,3843,-15591,2208,22665,-5.245734834588994,-2.944694669097046
118,-11224,-1196,-15380,-779,1995,-15611,2192,22686,-8.77426920378065,-1.851608302020088
119,-9648,988,-16264,-1762,754,-14915,2192,22707,-5.345118929650889,-1.0835104452706212
120,-8276,1588,-14828,-1711,1220,-14544,2176,22728,-2.029268842110885,-0.2896088556084411
121,-7112,3504,-14384,118,3728,-13871,2144,22749,1.356037825955243,0.8150323857627246
122,-6980,4464,-15272,973,7689,-12597,2208,22770,4.755902185545635,2.4803984603421814
123,-7744,3708,-14764,2591,8515,-11850,2128,22791,8.385861883083914,4.307757640325287
124,-6380,3324,-13436,5027,6643,-11366,2208,22812,12.329968808856176,5.760156847118254
125,-4416,1728,-15196,4843,6178,-10354,2176,22833,16.314451579033914,6.937625731797652
126,-2880,2004,-16820,4538,6986,-10288,2128,22854,20.1651906317442,8.089354148457106
127,-4068,2372,-17280,4421,6355,-10631,2192,22875,23.900101358483298,9.188500414835577
128,-6896,3436,-16608,3062,3405,-9480,2128,22896,27.26935893669318,9.982197036947612
129,-7020,3096,-14416,400,-225,-7413,2192,22917,30.144395223268702,10.25639111825006
130,-5164,2904,-14168,-1644,-2605,-5458,2176,22938,32.65156780167142,10.035012114145117
131,-3116,3268,-14476,-1970,-1026,-4335,2128,22959,35.03462214810458,9.910289450541303
132,-3584,2876,-14304,-1638,2465,-3717,2208,22980,37.44923188457804,10.375354577746604
133,-6416,3752,-12852,634,3782,-2188,2176,23001,40.0743564874643,11.27408833246296
134,-7960,4252,-12660,876,-116,138,2192,23022,42.639184470084444,11.646309789372163
135,-5808,3804,-13512,-214,-4046,1830,2144,23043,45.03831409398944,11.227312540948251
136,-3016,1660,-13932,684,-4175,1646,2176,23064,47.709108340988614,10.589510285484046
137,-1564,1344,-14632,2513,-1738,979,2192,23085,50.6447547588909,10.226196397521138
138,-3728,2296,-14888,2385,2534,3785,2176,23106,53.43120168731072,10.697764541931928
139,-5000,2304,-15080,1240,-510,5962,2144,23127,55.98364536472983,10.766631716409625
140,-3628,1644,-13952,-51,-6956,7475,2192,23148,58.321553988044116,9.748119537921015
141,-676,964,-13744,-708,-9254,7711,2128,23169,60.56365389071227,8.155539602482632
142,-240,2228,-14456,245,-3802,9330,2192,23190,62.81563714795788,7.413938427643462
143,-3884,1636,-13540,1292,-100,9831,2192,23211,65.22450682078495,7.567870247185437
144,-4432,2212,-14204,1736,-1557,12534,2128,23232,67.61570862459223,7.514608955664963
145,-1680,2232,-16260,-701,-6680,10882,2176,23253,69.59694574068777,6.431783990960405
146,-1056,2608,-18744,-1802,-5190,12965,2128,23274,71.363490859196,5.551679678631918
147,-1344,248,-17684,-3150,-515,13725,2208,23295,73.02528920671185,5.446654982414831
148,-1964,304,-16784,-1094,271,14501,2240,23316,74.97216374445735,5.513757732101714
149,-600,2396,-17992,-906,1358,15928,2192,23337,76.7786792592358,5.654689313006708
150,360,2188,-18816,-2357,1074,15955,2176,23358,78.34016689134367,5.688545066811589
151,2276,1220,-18500,-2442,2798,15535,2208,23379,79.91426799089686,5.874365124838261
152,4988,-1840,-18424,-2354,4286,12806,2176,23400,74.46023509426851,6.128661311241005
153,2740,1884,-15512,-1164,7124,13148,2176,23421,76.24966878295598,6.926350255918702
154,672,3000,-13868,531,5874,11561,2208,23442,78.16396625363689,7.656392556848424
155,920,3348,-11884,3332,5136,11082,2176,23463,80.4094662584392,8.22489664351687
156,1668,4676,-14272,3817,9020,11644,2176,23484,82.63811307028288,9.350684317720162
157,1680,1700,-15376,2634,7090,9566,2144,23505,84.87296805865702,10.153544219103482
158,1380,-1436,-16928,1202,4683,9990,2176,23526,79.8613176767088,10.593290267169186
159,-1668,-2596,-18396,-1380,4604,9635,2208,23547,74.60794248633026,11.207317196322448
160,-2628,-4784,-19388,129,5539,8138,2128,23568,69.81326709524797,12.003285119132224
161,-2388,-5040,-15572,1922,2671,4579,2208,23589,65.47763810735817,12.34884984535233
162,-4708,-4148,-14644,1585,144,4984,2176,23610,61.13338941786962,12.468260140168097
163,-3324,-1576,-14260,1170,1031,9414,2176,23631,56.620661218342384,12.64175696173555
164,-2004,-7864,-15584,-1508,1974,12780,2176,23652,52.1868709536272,12.830018550451937
165,-1712,-5840,-12316,3866,4956,3566,2192,23673,48.65786656442666,13.495180415889779
166,-3136,-5388,-17200,7134,5975,4171,2208,23694,45.553324554110674,14.361344965114254
167,-3900,-5556,-20428,548,4589,-1007,2128,23715,41.43265325070889,15.003808967749634
168,-3764,-2800,-20852,-375,522,-2079,2192,23736,37.098046204352116,14.988601936191285
169,-5940,-3976,-18396,59,-6045,-3573,2128,23757,33.00927343977351,14.089488067861614
170,-5704,-4408,-17628,-1091,-6103,-3112,2208,23778,28.858478753918554,13.19747435550208
171,-2056,-1860,-17412,1205,-4394,-4185,2144,23799,24.992561313535248,12.37716129121372
172,-6008,-2124,-19508,193,-1481,-4562,2192,23820,21.04730617224155,12.237411109962006
173,-10796,-736,-22752,-1424,-161,-3066,2208,23841,16.839706813110787,12.474831880105274
174,-10576,8,-24848,-2290,-278,-2038,2176,23862,19.74278648883243,12.642780695561848
175,-7692,-640,-26136,-643,-132,-1584,2080,23883,15.674970718960925,12.697085159946887
176,-4044,1552,-28048,762,1377,-2953,2128,23904,19.01783775354036,12.82331079147269
177,-5572,2592,-29960,-818,5976,-3145,2176,23925,22.010080774690532,13.715614353471132
178,-6584,4368,-29276,-534,7934,-3044,2176,23946,24.916268723134756,14.938532602394138
179,-6112,3356,-25884,-1105,7714,-2207,2192,23967,27.69659880287861,16.11521538564467
180,-4864,2724,-20848,-2969,6452,-2681,2176,23988,30.127357261055504,17.067030088399726
181,-3176,3216,-19028,-1699,5761,-2748,2208,24009,32.66603582752636,17.81765490412316
182,-1732,1332,-17140,-524,6710,-3040,2192,24030,35.44152125235713,18.630496342666145
183,-3404,1028,-16188,959,7761,-3164,2176,24051,38.41067655118379,19.71417167249379
184,-3748,1520,-15236,3328,7710,-3715,2176,24072,41.65134550221657,20.806212838835453
185,-3248,3764,-15800,4362,8658,-3540,2192,24093,44.8355917041042,21.976423143385922
186,-1264,2744,-16716,1697,13275,-1272,2192,24114,47.61903333580876,23.707734258288923
187,-312,788,-15852,541,15569,-2608,2128,24135,50.2947269537446,25.701980851144224
188,340,956,-14004,-1185,15327,-3401,2240,24156,52.62456368693014,27.56804983316127
189,-856,-828,-10476,-1130,12652,-5433,2128,24177,47.88493303008108,29.0974450730905
190,-236,-932,-5516,1251,8617,-4837,2208,24198,43.7155713051002,29.917534021096852
191,940,-1760,-6064,-4006,6684,-3819,2176,24219,38.93561450881481,30.199886232693952
192,2192,1404,-7308,-4802,8042,-477,2192,24240,40.78501051932748,30.53102482824133
193,3240,1772,-4740,-3621,6873,-1960,2192,24261,42.59049923271446,30.34754598862298
194,3248,1888,-1448,-2658,4552,-1582,2192,24282,43.87084691345702,29.380207127366674
195,6180,1788,-484,-1440,2679,-779,2144,24303,44.8701391564021,27.747175993295627
196,8128,1012,-4032,-3947,2426,-1271,2208,24324,46.67087111770252,26.315104332232956
197,9448,128,-6620,-4085,2579,-2169,2192,24345,48.67354939811732,25.09442302776931
198,8492,388,-7304,-878,3985,-2686,2192,24366,51.101329599183536,24.2333521835971
199,7856,108,-7804,-727,1714,-3078,2240,24387,53.54923448339316,23.114203021664565
200,7924,-1252,-8264,-283,-832,-3886,2176,24408,49.00608724289281,21.651770399511918
201,8456,-1488,-10764,1420,-2415,-5034,2208,24429,44.806458499428444,20.0815526265738
202,6724,-416,-13580,2074,-711,-5328,2176,24450,40.671245330159586,19.04160072095355
203,3956,-1516,-13700,2748,-2098,-4914,2208,24471,36.815818833819804,18.01089722525203
204,2280,-1816,-14912,2312,-4916,-5395,2144,24492,32.98158296974664,16.705774645344405
205,2116,-2176,-16152,1822,-5967,-6419,2176,24513,29.161640128179872,15.286298466947775
206,2128,-1684,-17636,1876,-5496,-8793,2144,24534,25.38221422532326,13.980168660377554
207,1028,444,-16800,4415,-3466,-10020,2176,24555,29.13788520663395,13.086051915261619
208,-512,-576,-16416,4633,-2286,-10581,2192,24576,25.723159342120468,12.500908538320086
209,-640,312,-17484,3456,-1336,-11451,2192,24597,29.331184553322924,12.082926520419546
210,-436,1152,-15768,3880,-2290,-13109,2128,24618,32.870534521046615,11.51310414555657
211,-156,2452,-13936,5948,-1960,-13846,2192,24639,36.54797220570559,10.98756040278448
212,-1668,3960,-14756,5816,-219,-12280,2288,24660,40.03025696689552,10.858017054838887
213,-1400,5472,-16124,4152,-447,-10904,2208,24681,43.10701455743442,10.664640563618773
214,-184,5380,-15840,2989,-1532,-9610,2176,24702,45.93924640168747,10.223275196190915
215,0,5652,-15000,2425,-2060,-8610,2176,24723,48.58849894014255,9.695185264786181
216,-500,7240,-15948,1710,-3102,-7849,2176,24744,50.99703103670714,9.046664259935309
217,-196,6936,-17060,413,-2610,-6116,2288,24765,53.199473575011375,8.467897346227325
218,968,6468,-18800,-524,-1485,-7101,2192,24786,55.27345616028997,8.009498238930902
219,-140,6836,-17324,-222,-1161,-7329,2192,24807,57.302430048942234,7.675529973035982
220,-2036,7348,-16128,561,-1494,-5825,2176,24828,59.35462902790431,7.418380004198733
221,-228,7984,-16176,-981,-5439,-5815,2192,24849,61.08803014470738,6.430032396555132
222,2256,10200,-19528,-6549,-5746,-5695,2208,24870,61.88584110347029,5.28180617072039
223,3268,6924,-17552,-8265,-402,-4627,2208,24891,62.51912931897977,4.916493064392104
224,916,7520,-17744,-3343,911,-5720,2192,24912,63.88421428771019,4.906855354170002
225,1680,8688,-12036,-1367,4579,-202,2192,24933,65.27531433505871,5.398934508571599
226,5068,8456,-12756,-3395,3092,2093,2192,24954,66.36564521115919,5.410260604676171
227,6724,8720,-15284,-7761,-202,3730,2208,24975,66.8249629296209,4.8520641545123
228,7324,6500,-13028,-5081,-602,3403,2192,24996,67.75992697804236,4.126365036229806
229,5780,6652,-13944,-1584,949,5034,2240,25017,69.24581274127557,3.782683979120397
230,5848,8464,-14832,-103,1232,7529,2176,25038,70.85048348193861,3.5225044820184053
231,7200,8924,-17432,-1624,1761,8628,2176,25059,72.23615739147914,3.324980093563908
232,8324,7068,-16952,-5841,563,6577,2192,25080,73.02115153903104,2.859310155793041
233,6680,5788,-12232,-111,-3017,6713,2192,25101,74.6368342015647,1.8027050627406886
234,5860,6536,-13840,-2016,-4284,7880,2288,25122,75.92180092298813,0.6746374109231859
235,4788,7620,-15488,-2891,-4444,8809,2208,25143,77.02525300877514,-0.34707200975140495
236,5648,6132,-14628,-3134,-4058,8383,2176,25164,78.13753415604178,-1.3696429061499615
237,4820,4632,-12852,-601,-3128,7596,2208,25185,79.68397259427361,-2.222336901122894
238,4176,4696,-13372,1556,-1637,8822,2128,25206,81.54773285358287,-2.763416869048652
239,5260,5628,-15344,1056,-1717,8465,2192,25227,83.27982604203821,-3.334691761318528
240,6196,5096,-15788,-831,-2555,6652,2240,25248,84.72590255157704,-4.078976149202613
241,6788,4540,-15480,-700,-1854,5420,2208,25269,86.19450613327466,-4.745064462602997
242,6168,4236,-14968,-1169,-727,4906,2192,25290,87.57093277231067,-5.196947347569353
243,6208,4068,-15420,-1704,-781,5454,2240,25311,88.85624355304128,-5.641097869442092
244,6656,2940,-16488,-3278,-595,4292,2176,25332,89.9619426166955,-6.05522621905274
245,6344,228,-14368,-4314,-276,1871,2240,25353,91.06679511102296,-6.4538921910209766
246,5676,1640,-14104,-1511,-1804,1644,2192,25374,92.47543196993485,-7.0439982790543185
247,4716,1248,-13504,359,-3538,550,2208,25395,94.17671976945878,-7.842435719553473
248,3556,640,-11280,1278,-3107,-790,2192,25416,96.02901134269064,-8.52311393505842
249,4180,-1208,-8360,1991,-2965,-3723,2144,25437,90.9856595559901,-9.345030649633145
250,2460,-884,-10232,2143,-1931,-4585,2240,25458,86.00136689209752,-9.730893936088094
251,2148,-944,-11612,4181,650,-3754,2192,25479,81.43112450016899,-9.643090910630296
252,564,-800,-11788,5818,1646,-1596,2176,25500,77.19415458317185,-9.246303069591153
253,564,-1664,-11468,5490,27,-3780,2176,25521,73.07786561007137,-9.112863803284867
254,-116,-1404,-11068,4944,-3929,-6364,2192,25542,68.93759656850301,-9.535935378116555
255,-616,-976,-10480,6729,-3504,-6033,2176,25563,65.12237732296373,-9.828703671104371
256,-2784,-204,-10452,8057,-1197,-4574,2208,25584,61.50804123304507,-9.521930879513441
257,-4504,-808,-11008,7565,165,-3665,2176,25605,57.950297100031115,-8.861603544456317
258,-6092,512,-11640,7448,-786,-5136,2192,25626,61.51099420770091,-8.255784193877451
259,-6792,836,-11508,6755,-240,-4016,2176,25647,64.85888047057738,-7.518711051228484
260,-5932,932,-10620,6756,-1422,-3199,2208,25668,68.12275794360968,-7.0098743169691
261,-5364,2368,-11816,6684,-397,43,2240,25689,71.18370786798903,-6.452158435780662
262,-4016,2900,-14572,3899,-294,2945,2176,25710,73.74745402781268,-6.066794422716699
263,-2032,440,-16072,2018,-774,583,2208,25731,76.1581675338624,-5.922992065307283
264,312,1020,-14992,4791,-2910,-367,2192,25752,78.90982274862282,-6.2854803435232025
265,2096,1820,-15628,5018,946,-165,2144,25773,81.58709807819565,-6.162917775369189
266,980,2972,-16012,2032,4542,-681,2176,25794,83.66428072255502,-5.394988588339686
267,-3872,4708,-17768,221,5797,-702,2192,25815,85.32890083438215,-4.138475167131921
268,-4316,2672,-14816,707,1086,-310,2192,25836,87.12892895757942,-3.5651631129390444
269,-1372,2672,-12772,1973,-2065,2200,2192,25857,89.0599813535842,-3.6982223039963094
270,1576,2520,-14356,-286,-2747,2713,2192,25878,90.63473012806709,-4.17923398433806
271,2616,3236,-17420,-2384,243,2199,2128,25899,91.83704075516795,-4.225450834640277
272,304,4256,-17740,-2735,3879,1258,2176,25920,92.90081658740634,-3.550647160256716
273,-512,1844,-15024,-938,-298,-763,2208,25941,94.35549491502127,-3.4877039856123866
274,76,3668,-16528,-1473,-2624,372,2176,25962,95.58672471169902,-3.8353223297684473
275,2668,4028,-19548,-4449,-5106,1230,2176,25983,96.34319117334158,-4.713043406628022
276,3984,4680,-21648,-6016,-4572,925,2192,26004,96.82724176999474,-5.540986520293908
277,2724,2536,-19904,-2410,-3611,20,2240,26025,97.96686731254954,-6.152075646439092
278,268,4844,-20556,-1862,-3933,1895,2208,26046,99.0498155324799,-6.661446292222294
279,80,3580,-20924,-2190,-6427,3140,2208,26067,100.13059123788825,-7.5422126354109364
280,3172,4128,-23516,-1563,-6946,4085,2192,26088,101.28330797998323,-8.633934511136287
281,4816,3812,-24736,-1842,-3485,3769,2240,26109,102.39304937769523,-9.22658621656891
282,3416,3720,-23264,-863,-1836,2921,2144,26130,103.62791379378018,-9.495490060132813
283,1232,2468,-20812,-347,-2848,2074,2144,26151,104.96558484636356,-9.820283790577829
284,-60,3380,-19976,534,-3055,2932,2176,26172,106.35809094545259,-10.100422652193044
285,272,2936,-18640,1076,-3695,3396,2176,26193,107.82094473444884,-10.495412603950117
286,668,2768,-17652,2119,-2414,3964,2176,26214,109.41918021465854,-10.707563033804893
287,524,2800,-16800,2727,826,4779,2208,26235,111.06995978452547,-10.398892035576804
288,-344,2616,-16512,3539,2514,5194,2256,26256,112.82448359776708,-9.772390885518679
289,-388,2668,-17276,3042,3230,5992,2240,26277,114.47030868520733,-9.044082219388992
290,-24,2084,-17356,2726,751,5306,2208,26298,116.07221625179902,-8.74364577001055
291,864,2004,-17672,2438,327,5399,2192,26319,117.60438610600265,-8.573025731681447
292,1012,1792,-16884,2281,1159,5253,2208,26340,119.08947248643264,-8.287707221573337
293,0,1976,-16848,1726,1896,5367,2240,26361,120.44505001119406,-7.824092924470114
294,-552,1740,-16412,638,1583,5414,2192,26382,121.61534051635053,-7.380610415313172
295,-376,1380,-16368,-186,-574,4660,2288,26403,122.65742807762359,-7.296947236930152
296,-60,1092,-15700,-808,-1368,4248,2240,26424,123.59776831629797,-7.361551328582566
297,-308,812,-14860,-138,-684,4174,2256,26445,124.64157881342595,-7.29806380084806
298,564,708,-14508,1429,243,4170,2176,26466,125.91736493631927,-7.158399705728618
299,340,1268,-15400,393,1086,4434,2192,26487,126.96661798304551,-6.869831982715433
300,212,1300,-15512,-159,756,3886,2208,26508,127.90649603392413,-6.629273689438567
301,-756,1276,-15448,-54,-306,3353,2192,26529,128.84544486746634,-6.4889159210696405
302,-1000,1656,-14824,706,-698,3993,2192,26550,129.85196549722923,-6.392084144982733
303,-464,1096,-14296,609,-2562,3626,2288,26571,130.86291974216462,-6.629659904181045
304,1392,1016,-14780,486,-795,3222,2208,26592,131.8433632967359,-6.7293151747670015
305,788,1688,-15492,2112,1061,3470,2256,26613,133.01392189409742,-6.48594127943345
